4
20
1 2 3 4 5 6 7 8 9 10 11 12 13 14 15 16 17 18 19 20
10 11 6 12 1 16 4 19 5 7 13 8 9 14 15 17 2 18 3 20
1 1 1 1 1 1 1 1 1 1 1 1 1 1 1 1 1 1 1 1
1 16 18 3 20 4 19 10 11 6 9 14 17 12 5 7 13 8 2 15


3
20
6 5 7 8 3 9 1 0 1 8 6 5 7 8 3 9 1 0 1 8
20 18 19 16 17 15 14 12 13 11 10 9 1 2 3 4 5 6 7 8
20 18 19 16 17 15 14 12 13 11 10 9 1 2 3 4 5 6 7 8

3
8
1 2 3 4 5 6 7 8
1 9 2 8 3 7 4 6
-1 3 4 5 6 7 9 0

3
21
1 2 3 4 5 6 7 8 9 10 11 12 13 14 15 16 17 18 19 20 21
1 2 3 4 5 0 7 8 9 10 90 12 13 -3 15 16 17 18 19 20 21
1 2 3 4 5 6 7 8 9 10 11 12 13 14 15 16 17 18 19 20 21

3
20
1 2 1 2 5 1 2 1 2 10 1 2 1 2 15 1 2 1 2 20
0 2 1 3 5 7 10 1 2 10 -2 2 1 4 15 5 6 8 9 20
20 19 18 17 16 15 14 13 12 11 10 9 8 7 6 5 4 3 2 0